SOMIPROF, Version 0.9    JUL 14 2017 08:23:37.942   xbin =     1   ybin =     1
Line/XPix:  1093   28 2006-09-27T05:24:15.842436Z 
   35.94  127.70   36.06  127.68   36.05  129.22   35.93  129.24   36.00  128.46   47.80   55.33  136.62
Exit Status, # Iterations, SAA, # SAA Spike, Land/Water, Glint, Snow/Ice Glint Probability
   6   3   F   0   1   0   0 0.00
rms, avgres, dfs, info
   1.105   0.526   5.902  17.906   1.487   0.437   0.732   0.087
Albedo:   3  4.98E-02  4.98E-02  0.00E+00  3.80E-02  6.11E-02  4.65E-04
Cloud :      0.072     0.000   785.345  1  T     0.800
Aerosol:  4  2.70E+02  3.12E+02  3.30E+02  3.47E+02  0.00E+00  0.00E+00  0.00E+00  0.00E+00  0.00E+00  0.00E+00  0.00E+00  0.00E+00  0.00E+00  0.00E+00  0.00E+00  0.00E+00  0.00E+00  0.00E+00  0.00E+00  0.00E+00  4.85E-01
Atmosphere and ozone profiles:    24   17   24
  #    P(mb)   Z(km)  T(K)     O3-ap O3-apstd   O3     STD     NSTD (DU)
 0     0.087  66.205 223.772
 1     0.350  56.369 260.515   0.200   0.032   0.194   0.021   0.007
 2     0.495  53.680 264.342   0.182   0.024   0.175   0.014   0.003
 3     0.700  50.991 260.912   0.336   0.038   0.323   0.021   0.005
 4     0.990  48.298 261.977   0.624   0.050   0.602   0.024   0.011
 5     1.399  45.643 260.111   1.164   0.077   1.126   0.027   0.015
 6     1.979  42.989 254.220   2.151   0.133   2.094   0.036   0.015
 7     2.799  40.422 246.588   3.936   0.212   3.874   0.059   0.032
 8     3.958  37.934 239.807   6.811   0.302   6.732   0.078   0.051
 9     5.597  35.487 234.348  10.628   0.469  10.467   0.116   0.065
10     7.916  33.097 231.503  15.369   0.853  15.139   0.210   0.125
11    11.195  30.739 230.356  21.142   1.418  21.393   0.349   0.215
12    15.832  28.410 226.762  28.210   2.135  30.022   0.598   0.342
13    22.390  26.101 222.838  34.496   2.535  37.911   0.902   0.506
14    31.664  23.839 219.422  36.413   2.252  39.578   0.990   0.494
15    44.780  21.625 215.074  32.868   2.056  35.098   0.979   0.408
16    63.328  19.454 209.794  26.287   2.993  28.162   1.390   0.556
17   106.460  16.289 203.926  14.776   4.098  15.524   2.070   0.851
18   146.589  14.331 212.158   2.305   0.909   2.320   0.578   0.188
19   201.843  12.281 224.345   2.672   0.903   2.709   0.648   0.191
20   277.925  10.119 234.708   3.856   1.391   4.051   1.044   0.361
21   382.685   7.853 249.784   4.758   1.205   5.065   0.901   0.396
22   526.932   5.427 266.498   6.308   1.351   6.753   1.018   0.504
23   725.550   2.878 277.210   8.381   1.702   8.942   1.379   0.611
24   999.035   0.208 295.443  10.346   2.822  11.062   2.541   0.783
           Total Ozone:      274.220         289.315   3.327   1.729
   Stratospheric Ozone:      235.593         248.414   2.324   1.241
    Tropospheric Ozone:       38.627          40.901   4.680   2.787
Measurement Reflectance at 347nm: 
   0.1008   0.1020  -1.1365
Fitted trace gases and uncertainty:     1
    Var    Initial   A Priori A Priori Std  VCD      STD       NSTD      AMF      ACFRAC    AVGK(1)   AVGK(2)
 1 bro     1.80D+13  1.80D+13  1.80D+13  1.86D+13  1.14D+13  8.81D+12  2.14D+00  0.00D+00  6.00D-01  6.29D-01
Trace gas averaging kernels and a priori:     1   24
  3.4704D+09  4.6020D+09  1.2259D+10  3.0569D+10  6.8542D+10  1.3341D+11  2.2463D+11  3.3734D+11  4.7264D+11  6.3079D+11  8.1100D+11  1.0246D+12  1.3018D+12  1.6844D+12  2.2184D+12  2.4847D+12  3.2979D+12  1.5471D+12  1.1795D+12  5.5989D+11  0.0000D+00  0.0000D+00  0.0000D+00  0.0000D+00
   0.6052   0.6058   0.6059   0.6061   0.6061   0.6061   0.6059   0.6055   0.6049   0.6040   0.6029   0.6016   0.6002   0.5993   0.5995   0.6016   0.6053   0.6026   0.5871   0.5522   0.0000   0.0000   0.0000   0.0000
Trace gas contribution function:     1  216
  4.6735D+11 -6.4723D+11 -1.9137D+12 -1.8106D+12 -1.1366D+11 -2.4012D+11 -1.5762D+12 -8.3824D+11  1.1173D+12  3.1039D+12  9.2243D+11 -1.2124D+12 -9.7278D+11  3.4927D+11  1.3360D+12  1.5072D+12  1.1048D+12  7.1721D+11  2.4556D+12  1.3434D+12  6.1478D+11  5.4915D+11  6.4964D+11 -2.1101D+12 -1.5645D+12  1.0975D+11  5.6487D+11  1.5524D+12  3.7498D+11  4.1816D+11  1.4928D+12 -1.8600D+11 -9.0892D+11  9.9306D+11 -1.6927D+12 -4.6500D+12 -3.3463D+12 -2.0908D+12  1.1399D+12  5.3303D+12  1.7245D+12 -1.5825D+12 -4.3624D+11 -2.9039D+11 -4.3391D+12 -9.2923D+12 -4.8247D+12  2.0555D+12 -1.8870D+11 -1.7120D+12  2.2315D+12  2.3287D+12  1.0592D+12 -1.4914D+12 -1.7067D+12 -1.4079D+12  4.9823D+11  2.1426D+12  1.1995D+12  1.6376D+12  3.9415D+12  2.8858D+12  1.8374D+12  6.1702D+12  6.7660D+12  2.9727D+12  2.8194D+12  4.2950D+12  5.7710D+12  6.8769D+12  6.0957D+12 -5.0321D+10 -2.9307D+12  1.2415D+12  5.4472D+12  2.3296D+12 -5.7516D+12 -4.8029D+12 -1.6073D+12 -7.5640D+12 -1.0913D+13 -1.0265D+13 -1.4061D+13 -1.0890D+13 -1.1259D+13 -1.0605D+13 -1.0642D+13 -1.7700D+13 -2.1933D+13 -1.0701D+13  8.0661D+11  1.3916D+13  2.8471D+13  3.6193D+13  2.9640D+13  5.7463D+12 -1.5354D+13 -1.0952D+13  1.7179D+13  4.4182D+13  6.0145D+13  6.8801D+13  6.3026D+13  3.6242D+13 -7.0191D+12 -4.9788D+13 -6.3071D+13 -4.2639D+13 -2.1619D+13 -8.8266D+12  6.7134D+13  1.5775D+14  1.9506D+14  2.1802D+14  2.1324D+14  1.0454D+14 -1.2656D+14 -4.0705D+14 -5.6912D+14 -5.4664D+14 -4.3512D+14 -3.2682D+14 -2.7696D+14 -2.8046D+14 -2.1331D+14 -3.6969D+13  1.1375D+14  1.9225D+14  2.2321D+14  2.3248D+14  2.3876D+14  2.1518D+14  1.6150D+14  1.4910D+14  2.2949D+14  3.3470D+14  4.1007D+14  4.3577D+14  3.3239D+14 -4.6928D+14 -7.4028D+14 -7.4973D+14 -6.0069D+14 -2.5545D+14 -6.1853D+13  6.4338D+13  1.5794D+14  2.1659D+14  2.6665D+14  3.0186D+14  3.0463D+14  3.1466D+14  3.7911D+14  4.3678D+14  4.5579D+14  4.6478D+14  4.7920D+14  4.7344D+14  4.1995D+14  2.8830D+14  1.8553D+13 -4.2626D+14 -9.0080D+14 -1.1114D+15 -9.8074D+14 -7.0782D+14 -4.5043D+14 -2.4206D+14 -7.9240D+13  5.3721D+13  1.5572D+14  2.1581D+14  2.5373D+14  2.9003D+14  3.5022D+14  3.5274D+14  3.3331D+14  3.0756D+14  2.8617D+14  2.6835D+14  2.4674D+14  2.2039D+14  1.2013D+14  2.0796D+13 -1.2478D+14 -3.3627D+14 -5.9158D+14 -7.9755D+14 -8.6645D+14 -7.8088D+14 -6.0873D+14 -4.2129D+14 -2.4917D+14 -1.0064D+14  2.8359D+13  1.4182D+14  2.4150D+14  3.6318D+14  4.0562D+14  4.5337D+14  4.9645D+14  5.1492D+14  5.1739D+14  5.2675D+14  5.4569D+14  5.5304D+14  5.2283D+14  4.5334D+14  3.5036D+14  2.0035D+14 -1.9296D+13 -2.7784D+14 -5.2300D+14 -7.2573D+14 -8.4743D+14 -8.6382D+14
Fitted variables and uncertainty:    37
 1 bro     1.86D+13  1.14D+13  8.81D+12
 2 oz01    1.94D-01  2.14D-02  7.33D-03
 3 oz02    1.75D-01  1.37D-02  2.64D-03
 4 oz03    3.23D-01  2.08D-02  5.43D-03
 5 oz04    6.02D-01  2.44D-02  1.10D-02
 6 oz05    1.13D+00  2.74D-02  1.54D-02
 7 oz06    2.09D+00  3.65D-02  1.48D-02
 8 oz07    3.87D+00  5.90D-02  3.16D-02
 9 oz08    6.73D+00  7.78D-02  5.09D-02
10 oz09    1.05D+01  1.16D-01  6.53D-02
11 oz10    1.51D+01  2.10D-01  1.25D-01
12 oz11    2.14D+01  3.49D-01  2.15D-01
13 oz12    3.00D+01  5.98D-01  3.42D-01
14 oz13    3.79D+01  9.02D-01  5.06D-01
15 oz14    3.96D+01  9.90D-01  4.94D-01
16 oz15    3.51D+01  9.79D-01  4.08D-01
17 oz16    2.82D+01  1.39D+00  5.56D-01
18 oz17    1.55D+01  2.07D+00  8.51D-01
19 oz18    2.32D+00  5.78D-01  1.88D-01
20 oz19    2.71D+00  6.48D-01  1.91D-01
21 oz20    4.05D+00  1.04D+00  3.61D-01
22 oz21    5.06D+00  9.01D-01  3.96D-01
23 oz22    6.75D+00  1.02D+00  5.04D-01
24 oz23    8.94D+00  1.38D+00  6.11D-01
25 oz24    1.11D+01  2.54D+00  7.83D-01
26 1ba0    3.80D-02  4.36D-02  1.15D-02
27 2ba0    6.11D-02  3.87D-02  7.25D-03
28 2ba1    4.65D-04  2.69D-04  2.09D-04
29 ecfr    7.24D-02  3.44D-02  6.45D-03
30 ozs0    1.88D-03  6.45D-03  6.13D-03
31 ozs0    3.71D-03  1.13D-03  1.10D-03
32 shi0   -6.02D-04  1.03D-03  1.03D-03
33 shi0    1.20D-03  4.32D-04  4.32D-04
34 rin0   -1.46D+00  1.31D-01  1.29D-01
35 rin0   -2.04D+00  6.34D-02  6.09D-02
36 inr0    2.14D-05  2.82D-06  2.72D-06
37 inr0   -5.70D-06  1.17D-05  1.07D-05
Correlation matrix:    37
 1   1.00
 2   0.00  1.00
 3   0.00 -0.57  1.00
 4   0.00 -0.90  0.58  1.00
 5   0.00 -0.64 -0.15  0.61  1.00
 6   0.00  0.00 -0.48 -0.22  0.50  1.00
 7   0.00  0.58 -0.16 -0.65 -0.64  0.16  1.00
 8   0.00  0.38  0.18 -0.21 -0.69 -0.80  0.25  1.00
 9   0.00 -0.06  0.14  0.18 -0.02 -0.53 -0.65  0.35  1.00
10  -0.01 -0.27 -0.04  0.20  0.40  0.26 -0.50 -0.64  0.29  1.00
11  -0.01 -0.14 -0.10  0.03  0.25  0.47  0.17 -0.59 -0.67  0.34  1.00
12  -0.01  0.07 -0.02 -0.08 -0.06  0.13  0.39  0.09 -0.60 -0.66  0.31  1.00
13   0.00  0.12  0.04 -0.06 -0.16 -0.19  0.11  0.40  0.12 -0.60 -0.67  0.32  1.00
14   0.01  0.04  0.04  0.00 -0.07 -0.18 -0.12  0.21  0.42  0.03 -0.63 -0.56  0.45  1.00
15   0.02 -0.02  0.01  0.02  0.01 -0.06 -0.15 -0.02  0.28  0.35 -0.13 -0.68 -0.32  0.61  1.00
16   0.02 -0.04 -0.01  0.02  0.05  0.03 -0.09 -0.12  0.07  0.34  0.23 -0.36 -0.66 -0.10  0.68  1.00
17   0.02 -0.04 -0.02  0.01  0.05  0.07 -0.02 -0.13 -0.08  0.19  0.36  0.03 -0.57 -0.62 -0.06  0.65  1.00
18   0.01 -0.02 -0.01  0.00  0.02  0.06  0.04 -0.07 -0.14 -0.02  0.24  0.28 -0.13 -0.61 -0.70 -0.32  0.41  1.00
19  -0.01  0.00 -0.01 -0.01  0.00  0.03  0.04 -0.01 -0.10 -0.10  0.06  0.24  0.14 -0.24 -0.58 -0.69 -0.36  0.59  1.00
20  -0.03  0.01  0.00 -0.01 -0.01  0.01  0.04  0.01 -0.07 -0.11 -0.02  0.18  0.22 -0.02 -0.36 -0.63 -0.63  0.08  0.81  1.00
21  -0.05  0.01  0.00 -0.01 -0.01  0.00  0.03  0.03 -0.04 -0.12 -0.07  0.12  0.26  0.14 -0.15 -0.46 -0.67 -0.35  0.37  0.82  1.00
22  -0.06  0.01  0.00 -0.01 -0.01 -0.01  0.03  0.04 -0.02 -0.12 -0.11  0.08  0.28  0.24  0.02 -0.28 -0.58 -0.59 -0.12  0.35  0.79  1.00
23  -0.06  0.01  0.01 -0.01 -0.02 -0.01  0.02  0.04 -0.01 -0.11 -0.13  0.04  0.27  0.29  0.13 -0.12 -0.41 -0.59 -0.41 -0.13  0.28  0.76  1.00
24  -0.05  0.01  0.01  0.00 -0.01 -0.02  0.01  0.04  0.00 -0.09 -0.12  0.01  0.21  0.27  0.17 -0.01 -0.23 -0.43 -0.43 -0.34 -0.15  0.24  0.75  1.00
25  -0.03  0.01  0.00  0.00 -0.01 -0.01  0.01  0.03  0.01 -0.06 -0.08  0.00  0.14  0.19  0.14  0.03 -0.11 -0.25 -0.29 -0.29 -0.25 -0.09  0.30  0.79  1.00
26  -0.03  0.00  0.00  0.00  0.00  0.00 -0.01 -0.01  0.00  0.02  0.02 -0.01 -0.04 -0.05 -0.03 -0.02  0.00  0.02  0.03  0.04  0.05  0.05  0.05  0.04  0.02  1.00
27   0.02  0.00  0.00  0.00  0.00  0.00  0.01  0.00 -0.01 -0.01  0.00  0.03  0.03  0.01 -0.01 -0.01 -0.01 -0.01 -0.02 -0.03 -0.04 -0.05 -0.05 -0.04 -0.02  0.90  1.00
28   0.03  0.00  0.00  0.00  0.00 -0.01 -0.02 -0.01  0.04  0.06  0.01 -0.09 -0.13 -0.06  0.06  0.17  0.25  0.23  0.08 -0.05 -0.20 -0.36 -0.50 -0.50 -0.38 -0.49 -0.41  1.00
29  -0.01  0.00  0.00  0.00  0.00  0.00 -0.01  0.00  0.01  0.01 -0.01 -0.02 -0.02  0.00  0.01  0.00  0.00 -0.01  0.01  0.03  0.05  0.08  0.09  0.07  0.05 -0.89 -1.00  0.37  1.00
30   0.02 -0.01  0.00  0.01  0.02  0.02 -0.03 -0.09 -0.13 -0.10 -0.04 -0.01 -0.05 -0.11 -0.12 -0.09 -0.05  0.02  0.05  0.06  0.07  0.08  0.08  0.07  0.05  0.02 -0.03 -0.02  0.03  1.00
31  -0.02 -0.01  0.00  0.00  0.01  0.01  0.00 -0.03 -0.02  0.04  0.08  0.02 -0.11 -0.16 -0.11  0.01  0.15  0.22  0.13  0.03 -0.07 -0.16 -0.21 -0.20 -0.14 -0.02 -0.03  0.12  0.02 -0.02  1.00
32   0.00 -0.01  0.03  0.06  0.06  0.02 -0.07 -0.08  0.01  0.10  0.09  0.01 -0.06 -0.05 -0.01  0.02  0.03  0.02  0.01  0.00  0.00 -0.01 -0.01 -0.01 -0.01  0.00  0.00 -0.01 -0.01 -0.12  0.01  1.00
33  -0.01  0.00  0.00  0.00  0.00  0.00  0.00 -0.01  0.00  0.01  0.02  0.01 -0.03 -0.04 -0.04 -0.01  0.02  0.04  0.04  0.03  0.01  0.00 -0.01 -0.02 -0.02  0.01 -0.01 -0.04  0.01 -0.01  0.07  0.00  1.00
34   0.01 -0.05  0.04  0.10  0.16  0.18  0.04 -0.14 -0.18 -0.08  0.04  0.06  0.01 -0.03 -0.04 -0.03 -0.02  0.00  0.01  0.02  0.02  0.03  0.03  0.02  0.02  0.00  0.00 -0.01  0.00  0.22 -0.01  0.07  0.00  1.00
35  -0.05  0.00  0.00  0.00  0.00  0.00  0.00  0.00  0.02  0.03  0.03  0.00 -0.03 -0.05 -0.06 -0.08 -0.09 -0.04  0.05  0.12  0.20  0.25  0.27  0.22  0.14  0.18 -0.06 -0.11  0.05 -0.13 -0.14  0.02  0.05 -0.03  1.00
36   0.00  0.09 -0.12 -0.27 -0.38 -0.37 -0.03  0.31  0.32  0.05 -0.18 -0.18 -0.02  0.08  0.09  0.06  0.02 -0.02 -0.03 -0.03 -0.03 -0.03 -0.03 -0.02 -0.01  0.01  0.00  0.02  0.00 -0.07  0.01 -0.14  0.00 -0.40  0.01  1.00
37   0.14  0.00  0.00  0.00  0.00  0.00  0.00  0.00 -0.02 -0.05 -0.06 -0.02  0.05  0.09  0.11  0.12  0.13  0.05 -0.09 -0.20 -0.30 -0.38 -0.39 -0.32 -0.21 -0.25  0.09  0.14 -0.09  0.18 -0.03 -0.03 -0.03  0.04 -0.66 -0.02  1.00
Covariance matrix:    24    1   24
  4.58D-04 -1.66D-04 -4.00D-04 -3.32D-04 -2.52D-06  4.51D-04  4.82D-04 -1.08D-04 -6.84D-04 -6.17D-04  5.14D-04  1.48D-03  8.05D-04 -3.94D-04 -8.38D-04 -1.11D-03 -6.99D-04  1.33D-05  1.03D-04  2.53D-04  2.70D-04  3.24D-04  3.79D-04  4.78D-04
 -1.66D-04  1.87D-04  1.65D-04 -4.93D-05 -1.80D-04 -8.03D-05  1.47D-04  1.48D-04 -6.92D-05 -2.80D-04 -1.16D-04  3.49D-04  4.72D-04  1.34D-04 -1.33D-04 -3.48D-04 -3.96D-04 -4.11D-05 -6.42D-06  3.32D-05  5.60D-05  8.11D-05  1.05D-04  1.41D-04
 -4.00D-04  1.65D-04  4.33D-04  3.08D-04 -1.23D-04 -4.93D-04 -2.57D-04  2.91D-04  4.91D-04  1.25D-04 -5.79D-04 -6.87D-04  3.12D-05  4.89D-04  4.46D-04  3.38D-04 -5.79D-05 -7.11D-05 -8.57D-05 -1.35D-04 -1.11D-04 -1.13D-04 -1.17D-04 -1.35D-04
 -3.32D-04 -4.93D-05  3.08D-04  5.97D-04  3.37D-04 -5.74D-04 -9.92D-04 -3.86D-05  1.13D-03  1.27D-03 -5.34D-04 -2.39D-03 -1.65D-03  2.63D-04  1.11D-03  1.66D-03  1.23D-03  3.46D-05 -9.55D-05 -2.83D-04 -3.21D-04 -3.99D-04 -4.80D-04 -6.19D-04
 -2.52D-06 -1.80D-04 -1.23D-04  3.37D-04  7.51D-04  1.63D-04 -1.29D-03 -1.13D-03  8.32D-04  2.73D-03  1.21D-03 -3.07D-03 -4.45D-03 -1.65D-03  7.09D-04  2.56D-03  3.29D-03  4.23D-04  1.81D-04 -2.50D-05 -2.21D-04 -4.01D-04 -5.76D-04 -8.22D-04
  4.51D-04 -8.03D-05 -4.93D-04 -5.74D-04  1.63D-04  1.33D-03  5.34D-04 -1.84D-03 -2.11D-03  1.30D-03  4.97D-03  2.42D-03 -4.06D-03 -5.30D-03 -3.10D-03 -8.83D-04  2.84D-03  9.07D-04  8.87D-04  1.23D-03  9.07D-04  8.13D-04  7.31D-04  7.30D-04
  4.82D-04  1.47D-04 -2.57D-04 -9.92D-04 -1.29D-03  5.34D-04  3.48D-03  1.61D-03 -4.37D-03 -7.37D-03  1.75D-03  1.41D-02  1.10D-02 -1.04D-03 -6.90D-03 -1.09D-02 -8.56D-03 -3.61D-04  5.32D-04  1.79D-03  2.10D-03  2.63D-03  3.15D-03  4.04D-03
 -1.08D-04  1.48D-04  2.91D-04 -3.86D-05 -1.13D-03 -1.84D-03  1.61D-03  6.06D-03  2.64D-03 -1.10D-02 -1.63D-02  5.71D-03  2.92D-02  2.13D-02  5.35D-03 -8.87D-03 -2.25D-02 -4.42D-03 -3.30D-03 -3.35D-03 -1.62D-03 -6.45D-04  2.26D-04  1.11D-03
 -6.84D-04 -6.92D-05  4.91D-04  1.13D-03  8.32D-04 -2.11D-03 -4.37D-03  2.64D-03  1.35D-02  8.19D-03 -2.68D-02 -4.19D-02  3.54D-03  4.01D-02  3.86D-02  3.09D-02 -4.01D-03 -6.70D-03 -8.64D-03 -1.45D-02 -1.27D-02 -1.34D-02 -1.43D-02 -1.69D-02
 -6.17D-04 -2.80D-04  1.25D-04  1.27D-03  2.73D-03  1.30D-03 -7.37D-03 -1.10D-02  8.19D-03  4.41D-02  2.27D-02 -8.36D-02 -1.20D-01 -2.72D-02  4.72D-02  1.04D-01  1.03D-01  7.49D-03 -2.58D-03 -1.58D-02 -2.08D-02 -2.76D-02 -3.43D-02 -4.50D-02
  5.14D-04 -1.16D-04 -5.79D-04 -5.34D-04  1.21D-03  4.97D-03  1.75D-03 -1.63D-02 -2.68D-02  2.27D-02  1.21D-01  6.64D-02 -1.77D-01 -2.35D-01 -1.22D-01  1.50D-02  2.05D-01  4.92D-02  4.03D-02  4.52D-02  2.53D-02  1.49D-02  5.49D-03 -3.28D-03
  1.48D-03  3.49D-04 -6.87D-04 -2.39D-03 -3.07D-03  2.42D-03  1.41D-02  5.71D-03 -4.19D-02 -8.36D-02  6.64D-02  3.57D-01  2.45D-01 -1.90D-01 -3.87D-01 -4.75D-01 -1.62D-01  4.95D-02  8.60D-02  1.62D-01  1.50D-01  1.63D-01  1.77D-01  2.10D-01
  8.05D-04  4.72D-04  3.12D-05 -1.65D-03 -4.45D-03 -4.06D-03  1.10D-02  2.92D-02  3.54D-03 -1.20D-01 -1.77D-01  2.45D-01  8.14D-01  5.42D-01 -8.49D-02 -7.83D-01 -1.15D+00 -1.23D-01 -9.41D-03  1.28D-01  1.96D-01  2.71D-01  3.38D-01  4.42D-01
 -3.94D-04  1.34D-04  4.89D-04  2.63D-04 -1.65D-03 -5.30D-03 -1.04D-03  2.13D-02  4.01D-02 -2.72D-02 -2.35D-01 -1.90D-01  5.42D-01  9.80D-01  6.56D-01 -7.71D-02 -1.44D+00 -3.34D-01 -2.28D-01 -1.54D-01  1.49D-02  1.32D-01  2.33D-01  3.53D-01
 -8.38D-04 -1.33D-04  4.46D-04  1.11D-03  7.09D-04 -3.10D-03 -6.90D-03  5.35D-03  3.86D-02  4.72D-02 -1.22D-01 -3.87D-01 -8.49D-02  6.56D-01  9.58D-01  8.82D-01 -6.58D-01 -3.92D-01 -3.98D-01 -4.72D-01 -2.49D-01 -1.20D-01 -1.13D-02  8.44D-02
 -1.11D-03 -3.48D-04  3.38D-04  1.66D-03  2.56D-03 -8.83D-04 -1.09D-02 -8.87D-03  3.09D-02  1.04D-01  1.50D-02 -4.75D-01 -7.83D-01 -7.71D-02  8.82D-01  1.93D+00  1.18D+00 -2.92D-01 -5.65D-01 -9.73D-01 -7.24D-01 -5.81D-01 -4.44D-01 -3.72D-01
 -6.99D-04 -3.96D-04 -5.79D-05  1.23D-03  3.29D-03  2.84D-03 -8.56D-03 -2.25D-02 -4.01D-03  1.03D-01  2.05D-01 -1.62D-01 -1.15D+00 -1.44D+00 -6.58D-01  1.18D+00  4.29D+00  7.07D-01  1.05D-01 -7.59D-01 -1.09D+00 -1.24D+00 -1.23D+00 -1.31D+00
  1.33D-05 -4.11D-05 -7.11D-05  3.46D-05  4.23D-04  9.07D-04 -3.61D-04 -4.42D-03 -6.70D-03  7.49D-03  4.92D-02  4.95D-02 -1.23D-01 -3.34D-01 -3.92D-01 -2.92D-01  7.07D-01  3.34D-01  3.05D-01  2.24D-01 -6.02D-02 -2.44D-01 -3.39D-01 -4.19D-01
  1.03D-04 -6.42D-06 -8.57D-05 -9.55D-05  1.81D-04  8.87D-04  5.32D-04 -3.30D-03 -8.64D-03 -2.58D-03  4.03D-02  8.60D-02 -9.41D-03 -2.28D-01 -3.98D-01 -5.65D-01  1.05D-01  3.05D-01  4.20D-01  5.53D-01  2.05D-01 -8.71D-02 -3.05D-01 -4.71D-01
  2.53D-04  3.32D-05 -1.35D-04 -2.83D-04 -2.50D-05  1.23D-03  1.79D-03 -3.35D-03 -1.45D-02 -1.58D-02  4.52D-02  1.62D-01  1.28D-01 -1.54D-01 -4.72D-01 -9.73D-01 -7.59D-01  2.24D-01  5.53D-01  1.09D+00  7.47D-01  3.01D-01 -2.10D-01 -6.60D-01
  2.70D-04  5.60D-05 -1.11D-04 -3.21D-04 -2.21D-04  9.07D-04  2.10D-03 -1.62D-03 -1.27D-02 -2.08D-02  2.53D-02  1.50D-01  1.96D-01  1.49D-02 -2.49D-01 -7.24D-01 -1.09D+00 -6.02D-02  2.05D-01  7.47D-01  8.12D-01  6.96D-01  3.02D-01 -1.98D-01
  3.24D-04  8.11D-05 -1.13D-04 -3.99D-04 -4.01D-04  8.13D-04  2.63D-03 -6.45D-04 -1.34D-02 -2.76D-02  1.49D-02  1.63D-01  2.71D-01  1.32D-01 -1.20D-01 -5.81D-01 -1.24D+00 -2.44D-01 -8.71D-02  3.01D-01  6.96D-01  1.04D+00  1.05D+00  7.79D-01
  3.79D-04  1.05D-04 -1.17D-04 -4.80D-04 -5.76D-04  7.31D-04  3.15D-03  2.26D-04 -1.43D-02 -3.43D-02  5.49D-03  1.77D-01  3.38D-01  2.33D-01 -1.13D-02 -4.44D-01 -1.23D+00 -3.39D-01 -3.05D-01 -2.10D-01  3.02D-01  1.05D+00  1.90D+00  2.75D+00
  4.78D-04  1.41D-04 -1.35D-04 -6.19D-04 -8.22D-04  7.30D-04  4.04D-03  1.11D-03 -1.69D-02 -4.50D-02 -3.28D-03  2.10D-01  4.42D-01  3.53D-01  8.44D-02 -3.72D-01 -1.31D+00 -4.19D-01 -4.71D-01 -6.60D-01 -1.98D-01  7.79D-01  2.75D+00  6.46D+00
Average kernel:    24    1   24
  4.65D-01  2.92D-01  1.73D-01  5.35D-02 -2.75D-02 -3.84D-02 -5.07D-03  1.01D-02  3.78D-03 -7.35D-04 -8.75D-04 -1.76D-04  1.10D-04  1.24D-04  7.92D-05  3.56D-05 -6.41D-06 -2.45D-05 -2.63D-05 -3.50D-05 -4.40D-05 -4.74D-05 -4.52D-05 -2.08D-05
  3.27D-01  2.28D-01  1.56D-01  7.93D-02  1.66D-02 -1.16D-02 -7.44D-03  1.20D-03  1.80D-03  2.95D-04 -2.20D-04 -1.29D-04 -8.34D-06  2.89D-05  2.81D-05  1.78D-05  5.27D-06 -3.75D-07 -1.74D-06 -5.64D-06 -9.92D-06 -1.24D-05 -1.36D-05 -6.94D-06
  3.97D-01  3.10D-01  2.42D-01  1.61D-01  7.89D-02  1.61D-02 -9.76D-03 -6.79D-03 -1.85D-04  1.08D-03  3.65D-04 -5.56D-05 -9.89D-05 -5.36D-05 -1.99D-05 -7.88D-07  1.37D-05  1.90D-05  1.70D-05  1.67D-05  1.65D-05  1.52D-05  1.25D-05  4.88D-06
  2.49D-01  2.60D-01  2.56D-01  2.32D-01  1.74D-01  8.38D-02  4.66D-03 -1.72D-02 -6.29D-03  9.44D-04  1.34D-03  3.33D-04 -1.30D-04 -1.78D-04 -1.22D-04 -5.90D-05  4.21D-06  2.98D-05  2.84D-05  3.87D-05  5.15D-05  5.80D-05  5.90D-05  2.84D-05
 -5.69D-02  1.10D-01  2.13D-01  2.96D-01  3.07D-01  2.09D-01  6.04D-02 -1.63D-02 -1.54D-02 -2.16D-03  1.79D-03  1.06D-03  1.16D-04 -1.98D-04 -2.09D-04 -1.40D-04 -5.07D-05 -1.41D-05 -1.32D-05  9.34D-06  3.97D-05  6.30D-05  8.07D-05  4.44D-05
 -4.25D-01 -1.25D-01  8.01D-02  2.83D-01  4.11D-01  3.78D-01  2.02D-01  4.18D-02 -1.22D-02 -9.63D-03 -1.31D-03  1.22D-03  8.50D-04  2.77D-04  7.94D-06 -9.09D-05 -1.40D-04 -1.62D-04 -1.62D-04 -1.57D-04 -1.39D-04 -1.07D-04 -6.33D-05 -1.51D-05
 -4.00D-01 -2.30D-01 -9.52D-02  7.76D-02  2.68D-01  4.02D-01  3.77D-01  2.04D-01  5.04D-02 -6.12D-03 -9.02D-03 -2.29D-03  7.79D-04  1.12D-03  7.80D-04  3.93D-04  1.02D-05 -1.56D-04 -1.76D-04 -2.61D-04 -3.51D-04 -3.90D-04 -3.85D-04 -1.81D-04
  1.34D-01 -3.33D-02 -1.25D-01 -1.62D-01 -6.85D-02  1.77D-01  4.02D-01  3.76D-01  1.83D-01  4.15D-02 -5.79D-03 -8.20D-03 -2.69D-03  1.21D-04  8.47D-04  8.37D-04  6.38D-04  5.45D-04  5.05D-04  3.76D-04  2.01D-04  3.25D-05 -1.35D-04 -1.18D-04
  6.08D-01  2.43D-01 -5.80D-03 -2.28D-01 -3.05D-01 -1.21D-01  2.44D-01  4.50D-01  3.53D-01  1.59D-01  3.66D-02 -4.81D-03 -8.48D-03 -4.75D-03 -1.92D-03 -2.15D-04  1.15D-03  1.72D-03  1.74D-03  1.90D-03  1.99D-03  1.87D-03  1.55D-03  6.41D-04
  4.99D-01  3.16D-01  1.58D-01 -4.31D-02 -2.44D-01 -3.15D-01 -8.88D-02  3.16D-01  4.94D-01  3.69D-01  1.68D-01  4.15D-02 -3.61D-03 -1.10D-02 -8.58D-03 -4.78D-03 -7.36D-04  1.03D-03  1.31D-03  2.36D-03  3.52D-03  4.15D-03  4.30D-03  2.12D-03
 -5.00D-01 -9.60D-02  1.42D-01  2.96D-01  2.23D-01 -1.16D-01 -3.86D-01 -1.44D-01  3.26D-01  4.96D-01  3.65D-01  1.71D-01  5.26D-02  6.55D-03 -6.33D-03 -8.35D-03 -7.61D-03 -7.17D-03 -6.69D-03 -5.36D-03 -3.46D-03 -1.44D-03  6.40D-04  1.01D-03
 -1.28D+00 -5.93D-01 -1.13D-01  3.47D-01  5.79D-01  3.44D-01 -2.49D-01 -5.14D-01 -1.34D-01  3.33D-01  4.69D-01  3.47D-01  1.85D-01  8.40D-02  3.47D-02  9.02D-03 -1.02D-02 -1.84D-02 -1.93D-02 -2.22D-02 -2.42D-02 -2.32D-02 -1.95D-02 -8.03D-03
 -6.29D-01 -4.52D-01 -2.78D-01 -2.12D-02  2.91D-01  4.68D-01  2.08D-01 -3.27D-01 -4.36D-01 -5.74D-02  3.00D-01  3.85D-01  2.96D-01  1.88D-01  1.12D-01  6.07D-02  1.60D-02 -4.26D-03 -9.78D-03 -2.26D-02 -3.56D-02 -4.24D-02 -4.27D-02 -2.02D-02
  3.95D-01  5.21D-02 -1.49D-01 -2.64D-01 -1.65D-01  1.58D-01  3.59D-01  7.54D-02 -2.88D-01 -2.43D-01  3.73D-02  2.30D-01  2.57D-01  2.08D-01  1.52D-01  1.06D-01  6.21D-02  4.09D-02  3.03D-02  1.04D-02 -1.13D-02 -2.77D-02 -3.63D-02 -1.95D-02
  7.41D-01  3.01D-01  7.01D-03 -2.48D-01 -3.20D-01 -9.32D-02  2.50D-01  2.49D-01 -6.72D-02 -2.14D-01 -9.03D-02  8.98D-02  1.78D-01  1.83D-01  1.61D-01  1.35D-01  1.09D-01  9.29D-02  7.80D-02  5.44D-02  2.79D-02  3.76D-03 -1.29D-02 -1.04D-02
  9.46D-01  4.72D-01  1.40D-01 -1.98D-01 -4.07D-01 -2.93D-01  1.30D-01  3.66D-01  1.20D-01 -1.74D-01 -1.80D-01 -2.84D-03  1.51D-01  2.15D-01  2.28D-01  2.25D-01  2.19D-01  2.08D-01  1.81D-01  1.45D-01  1.03D-01  5.98D-02  2.53D-02  3.58D-03
  5.55D-01  3.63D-01  2.23D-01  1.87D-02 -2.33D-01 -3.62D-01 -1.35D-01  2.70D-01  2.99D-01  1.17D-03 -1.84D-01 -1.17D-01  5.17D-02  1.78D-01  2.51D-01  2.97D-01  3.38D-01  3.44D-01  3.12D-01  2.72D-01  2.24D-01  1.65D-01  1.09D-01  3.87D-02
 -2.12D-02  1.14D-02  3.32D-02  3.92D-02  1.01D-02 -4.39D-02 -5.88D-02  6.67D-03  5.87D-02  3.11D-02 -1.82D-02 -3.06D-02 -9.12D-03  1.76D-02  3.81D-02  5.35D-02  6.81D-02  7.32D-02  6.98D-02  6.63D-02  6.04D-02  5.04D-02  3.79D-02  1.50D-02
 -9.64D-02 -2.83D-02  1.73D-02  4.97D-02  4.12D-02 -1.56D-02 -6.32D-02 -2.36D-02  4.37D-02  4.22D-02 -2.74D-03 -2.77D-02 -1.79D-02  4.73D-03  2.51D-02  4.14D-02  5.71D-02  6.42D-02  6.54D-02  6.70D-02  6.59D-02  5.95D-02  4.73D-02  1.95D-02
 -2.26D-01 -8.63D-02  5.14D-03  8.12D-02  9.39D-02  1.15D-02 -9.39D-02 -6.92D-02  4.39D-02  7.29D-02  1.43D-02 -3.60D-02 -3.54D-02 -7.38D-03  2.21D-02  4.69D-02  7.08D-02  8.45D-02  9.37D-02  1.04D-01  1.10D-01  1.06D-01  8.73D-02  3.68D-02
 -2.37D-01 -9.86D-02 -1.01D-02  6.90D-02  9.68D-02  3.31D-02 -7.43D-02 -7.84D-02  2.04D-02  6.50D-02  2.40D-02 -2.52D-02 -3.42D-02 -1.53D-02  8.22D-03  2.85D-02  4.85D-02  6.19D-02  7.54D-02  9.04D-02  1.01D-01  1.02D-01  8.59D-02  3.67D-02
 -2.82D-01 -1.23D-01 -2.27D-02  7.13D-02  1.14D-01  5.40D-02 -7.18D-02 -9.73D-02  6.77D-03  6.96D-02  3.48D-02 -2.16D-02 -3.89D-02 -2.31D-02  2.58D-04  2.12D-02  4.20D-02  5.76D-02  7.61D-02  9.67D-02  1.12D-01  1.17D-01  1.00D-01  4.32D-02
 -3.27D-01 -1.47D-01 -3.45D-02  7.48D-02  1.32D-01  7.41D-02 -7.06D-02 -1.16D-01 -5.60D-03  7.50D-02  4.52D-02 -1.87D-02 -4.38D-02 -3.05D-02 -6.47D-03  1.59D-02  3.84D-02  5.61D-02  7.88D-02  1.04D-01  1.24D-01  1.32D-01  1.15D-01  4.98D-02
 -4.10D-01 -1.90D-01 -5.04D-02  8.74D-02  1.66D-01  1.03D-01 -7.78D-02 -1.49D-01 -1.86D-02  8.93D-02  6.09D-02 -1.82D-02 -5.39D-02 -4.14D-02 -1.36D-02  1.33D-02  4.06D-02  6.26D-02  9.15D-02  1.24D-01  1.50D-01  1.62D-01  1.42D-01  6.20D-02
Average kernel1:    24    1   24
  0.00D+00  0.00D+00  0.00D+00  0.00D+00  0.00D+00  0.00D+00  0.00D+00  0.00D+00  0.00D+00  0.00D+00  0.00D+00  0.00D+00  0.00D+00  0.00D+00  0.00D+00  0.00D+00  0.00D+00  0.00D+00  0.00D+00  0.00D+00  0.00D+00  0.00D+00  0.00D+00  0.00D+00
  0.00D+00  0.00D+00  0.00D+00  0.00D+00  0.00D+00  0.00D+00  0.00D+00  0.00D+00  0.00D+00  0.00D+00  0.00D+00  0.00D+00  0.00D+00  0.00D+00  0.00D+00  0.00D+00  0.00D+00  0.00D+00  0.00D+00  0.00D+00  0.00D+00  0.00D+00  0.00D+00  0.00D+00
  0.00D+00  0.00D+00  0.00D+00  0.00D+00  0.00D+00  0.00D+00  0.00D+00  0.00D+00  0.00D+00  0.00D+00  0.00D+00  0.00D+00  0.00D+00  0.00D+00  0.00D+00  0.00D+00  0.00D+00  0.00D+00  0.00D+00  0.00D+00  0.00D+00  0.00D+00  0.00D+00  0.00D+00
  0.00D+00  0.00D+00  0.00D+00  0.00D+00  0.00D+00  0.00D+00  0.00D+00  0.00D+00  0.00D+00  0.00D+00  0.00D+00  0.00D+00  0.00D+00  0.00D+00  0.00D+00  0.00D+00  0.00D+00  0.00D+00  0.00D+00  0.00D+00  0.00D+00  0.00D+00  0.00D+00  0.00D+00
  0.00D+00  0.00D+00  0.00D+00  0.00D+00  0.00D+00  0.00D+00  0.00D+00  0.00D+00  0.00D+00  0.00D+00  0.00D+00  0.00D+00  0.00D+00  0.00D+00  0.00D+00  0.00D+00  0.00D+00  0.00D+00  0.00D+00  0.00D+00  0.00D+00  0.00D+00  0.00D+00  0.00D+00
  0.00D+00  0.00D+00  0.00D+00  0.00D+00  0.00D+00  0.00D+00  0.00D+00  0.00D+00  0.00D+00  0.00D+00  0.00D+00  0.00D+00  0.00D+00  0.00D+00  0.00D+00  0.00D+00  0.00D+00  0.00D+00  0.00D+00  0.00D+00  0.00D+00  0.00D+00  0.00D+00  0.00D+00
  0.00D+00  0.00D+00  0.00D+00  0.00D+00  0.00D+00  0.00D+00  0.00D+00  0.00D+00  0.00D+00  0.00D+00  0.00D+00  0.00D+00  0.00D+00  0.00D+00  0.00D+00  0.00D+00  0.00D+00  0.00D+00  0.00D+00  0.00D+00  0.00D+00  0.00D+00  0.00D+00  0.00D+00
  0.00D+00  0.00D+00  0.00D+00  0.00D+00  0.00D+00  0.00D+00  0.00D+00  0.00D+00  0.00D+00  0.00D+00  0.00D+00  0.00D+00  0.00D+00  0.00D+00  0.00D+00  0.00D+00  0.00D+00  0.00D+00  0.00D+00  0.00D+00  0.00D+00  0.00D+00  0.00D+00  0.00D+00
  0.00D+00  0.00D+00  0.00D+00  0.00D+00  0.00D+00  0.00D+00  0.00D+00  0.00D+00  0.00D+00  0.00D+00  0.00D+00  0.00D+00  0.00D+00  0.00D+00  0.00D+00  0.00D+00  0.00D+00  0.00D+00  0.00D+00  0.00D+00  0.00D+00  0.00D+00  0.00D+00  0.00D+00
  0.00D+00  0.00D+00  0.00D+00  0.00D+00  0.00D+00  0.00D+00  0.00D+00  0.00D+00  0.00D+00  0.00D+00  0.00D+00  0.00D+00  0.00D+00  0.00D+00  0.00D+00  0.00D+00  0.00D+00  0.00D+00  0.00D+00  0.00D+00  0.00D+00  0.00D+00  0.00D+00  0.00D+00
  0.00D+00  0.00D+00  0.00D+00  0.00D+00  0.00D+00  0.00D+00  0.00D+00  0.00D+00  0.00D+00  0.00D+00  0.00D+00  0.00D+00  0.00D+00  0.00D+00  0.00D+00  0.00D+00  0.00D+00  0.00D+00  0.00D+00  0.00D+00  0.00D+00  0.00D+00  0.00D+00  0.00D+00
  0.00D+00  0.00D+00  0.00D+00  0.00D+00  0.00D+00  0.00D+00  0.00D+00  0.00D+00  0.00D+00  0.00D+00  0.00D+00  0.00D+00  0.00D+00  0.00D+00  0.00D+00  0.00D+00  0.00D+00  0.00D+00  0.00D+00  0.00D+00  0.00D+00  0.00D+00  0.00D+00  0.00D+00
  0.00D+00  0.00D+00  0.00D+00  0.00D+00  0.00D+00  0.00D+00  0.00D+00  0.00D+00  0.00D+00  0.00D+00  0.00D+00  0.00D+00  0.00D+00  0.00D+00  0.00D+00  0.00D+00  0.00D+00  0.00D+00  0.00D+00  0.00D+00  0.00D+00  0.00D+00  0.00D+00  0.00D+00
  0.00D+00  0.00D+00  0.00D+00  0.00D+00  0.00D+00  0.00D+00  0.00D+00  0.00D+00  0.00D+00  0.00D+00  0.00D+00  0.00D+00  0.00D+00  0.00D+00  0.00D+00  0.00D+00  0.00D+00  0.00D+00  0.00D+00  0.00D+00  0.00D+00  0.00D+00  0.00D+00  0.00D+00
  0.00D+00  0.00D+00  0.00D+00  0.00D+00  0.00D+00  0.00D+00  0.00D+00  0.00D+00  0.00D+00  0.00D+00  0.00D+00  0.00D+00  0.00D+00  0.00D+00  0.00D+00  0.00D+00  0.00D+00  0.00D+00  0.00D+00  0.00D+00  0.00D+00  0.00D+00  0.00D+00  0.00D+00
  0.00D+00  0.00D+00  0.00D+00  0.00D+00  0.00D+00  0.00D+00  0.00D+00  0.00D+00  0.00D+00  0.00D+00  0.00D+00  0.00D+00  0.00D+00  0.00D+00  0.00D+00  0.00D+00  0.00D+00  0.00D+00  0.00D+00  0.00D+00  0.00D+00  0.00D+00  0.00D+00  0.00D+00
  0.00D+00  0.00D+00  0.00D+00  0.00D+00  0.00D+00  0.00D+00  0.00D+00  0.00D+00  0.00D+00  0.00D+00  0.00D+00  0.00D+00  0.00D+00  0.00D+00  0.00D+00  0.00D+00  0.00D+00  0.00D+00  0.00D+00  0.00D+00  0.00D+00  0.00D+00  0.00D+00  0.00D+00
  0.00D+00  0.00D+00  0.00D+00  0.00D+00  0.00D+00  0.00D+00  0.00D+00  0.00D+00  0.00D+00  0.00D+00  0.00D+00  0.00D+00  0.00D+00  0.00D+00  0.00D+00  0.00D+00  0.00D+00  0.00D+00  0.00D+00  0.00D+00  0.00D+00  0.00D+00  0.00D+00  0.00D+00
  0.00D+00  0.00D+00  0.00D+00  0.00D+00  0.00D+00  0.00D+00  0.00D+00  0.00D+00  0.00D+00  0.00D+00  0.00D+00  0.00D+00  0.00D+00  0.00D+00  0.00D+00  0.00D+00  0.00D+00  0.00D+00  0.00D+00  0.00D+00  0.00D+00  0.00D+00  0.00D+00  0.00D+00
  0.00D+00  0.00D+00  0.00D+00  0.00D+00  0.00D+00  0.00D+00  0.00D+00  0.00D+00  0.00D+00  0.00D+00  0.00D+00  0.00D+00  0.00D+00  0.00D+00  0.00D+00  0.00D+00  0.00D+00  0.00D+00  0.00D+00  0.00D+00  0.00D+00  0.00D+00  0.00D+00  0.00D+00
  0.00D+00  0.00D+00  0.00D+00  0.00D+00  0.00D+00  0.00D+00  0.00D+00  0.00D+00  0.00D+00  0.00D+00  0.00D+00  0.00D+00  0.00D+00  0.00D+00  0.00D+00  0.00D+00  0.00D+00  0.00D+00  0.00D+00  0.00D+00  0.00D+00  0.00D+00  0.00D+00  0.00D+00
  0.00D+00  0.00D+00  0.00D+00  0.00D+00  0.00D+00  0.00D+00  0.00D+00  0.00D+00  0.00D+00  0.00D+00  0.00D+00  0.00D+00  0.00D+00  0.00D+00  0.00D+00  0.00D+00  0.00D+00  0.00D+00  0.00D+00  0.00D+00  0.00D+00  0.00D+00  0.00D+00  0.00D+00
  0.00D+00  0.00D+00  0.00D+00  0.00D+00  0.00D+00  0.00D+00  0.00D+00  0.00D+00  0.00D+00  0.00D+00  0.00D+00  0.00D+00  0.00D+00  0.00D+00  0.00D+00  0.00D+00  0.00D+00  0.00D+00  0.00D+00  0.00D+00  0.00D+00  0.00D+00  0.00D+00  0.00D+00
  0.00D+00  0.00D+00  0.00D+00  0.00D+00  0.00D+00  0.00D+00  0.00D+00  0.00D+00  0.00D+00  0.00D+00  0.00D+00  0.00D+00  0.00D+00  0.00D+00  0.00D+00  0.00D+00  0.00D+00  0.00D+00  0.00D+00  0.00D+00  0.00D+00  0.00D+00  0.00D+00  0.00D+00
Contribution Function:   216
 -6.28D-01 -1.67D-01  8.82D-02  4.55D-01  6.63D-01  2.38D-01 -8.77D-01 -1.20D+00 -1.34D-01  1.62D+00  1.59D+00 -1.34D+00 -3.53D+00 -2.18D+00 -2.91D-01  1.41D+00  2.95D+00  5.35D-01  3.54D-01  2.75D-01  6.00D-02 -4.93D-02 -1.12D-01 -1.58D-01
 -6.34D-01 -2.15D-01 -3.17D-03  3.60D-01  6.12D-01  3.09D-01 -6.58D-01 -9.80D-01 -1.01D-01  1.27D+00  1.01D+00 -1.25D+00 -2.05D+00 -2.59D-01  1.19D+00  2.37D+00  2.13D+00  8.26D-02 -1.78D-01 -5.87D-01 -7.05D-01 -9.13D-01 -1.12D+00 -1.47D+00
 -4.94D-01 -2.22D-01 -1.15D-01  1.51D-01  3.96D-01  3.19D-01 -2.46D-01 -5.05D-01 -3.48D-02  6.58D-01  2.12D-01 -1.23D+00 -1.00D+00  8.21D-01  1.88D+00  2.78D+00  1.87D+00 -8.07D-02 -3.87D-01 -9.61D-01 -1.06D+00 -1.33D+00 -1.61D+00 -2.10D+00
 -3.28D-01 -1.95D-01 -1.77D-01 -7.50D-03  2.24D-01  3.48D-01  9.28D-02 -2.46D-01 -2.50D-01  3.94D-03 -5.48D-04 -4.13D-01 -2.02D-01  6.36D-01  1.14D+00  1.69D+00  1.25D+00 -2.95D-02 -2.46D-01 -6.59D-01 -7.49D-01 -9.35D-01 -1.12D+00 -1.43D+00
 -3.04D-01 -1.65D-01 -1.29D-01  4.62D-02  2.77D-01  3.64D-01 -1.36D-02 -4.77D-01 -4.70D-01  6.91D-02  4.84D-01 -1.17D-01 -9.12D-01 -6.22D-01  2.97D-03  6.71D-01  1.24D+00  2.06D-01  1.19D-01  5.54D-02 -3.95D-02 -1.06D-01 -1.59D-01 -2.24D-01
 -2.61D-01 -9.46D-02 -3.68D-03  1.79D-01  3.50D-01  2.56D-01 -3.20D-01 -6.96D-01 -2.66D-01  8.94D-01  1.31D+00 -5.31D-01 -2.71D+00 -2.22D+00 -7.81D-01  6.61D-01  2.45D+00  5.62D-01  4.72D-01  5.60D-01  3.50D-01  2.57D-01  1.78D-01  1.20D-01
 -1.90D-01 -3.42D-02  8.17D-02  2.51D-01  3.72D-01  1.90D-01 -4.44D-01 -7.53D-01 -1.39D-01  1.35D+00  2.03D+00  4.47D-02 -2.73D+00 -2.60D+00 -1.14D+00  3.74D-01  2.41D+00  5.65D-01  4.47D-01  4.56D-01  2.04D-01  5.49D-02 -7.56D-02 -2.12D-01
 -1.57D-01 -1.97D-02  1.00D-01  2.77D-01  4.18D-01  2.54D-01 -4.39D-01 -9.04D-01 -4.24D-01  1.17D+00  2.49D+00  1.18D+00 -1.87D+00 -2.63D+00 -1.71D+00 -7.33D-01  1.19D+00  4.31D-01  4.20D-01  5.54D-01  3.81D-01  3.16D-01  2.66D-01  2.49D-01
 -1.02D-01 -5.58D-02 -2.18D-02  1.01D-01  2.92D-01  3.88D-01 -2.12D-02 -7.06D-01 -9.32D-01 -7.06D-02  1.75D+00  2.24D+00  7.28D-02 -1.79D+00 -2.02D+00 -2.10D+00 -7.09D-01  2.00D-01  3.67D-01  7.29D-01  7.18D-01  8.37D-01  9.74D-01  1.24D+00
 -5.15D-02 -8.79D-02 -1.38D-01 -7.85D-02  1.38D-01  4.61D-01  3.55D-01 -4.36D-01 -1.23D+00 -1.12D+00  7.06D-01  2.31D+00  1.08D+00 -1.13D+00 -1.99D+00 -2.67D+00 -1.66D+00  1.03D-01  4.04D-01  9.98D-01  1.10D+00  1.36D+00  1.63D+00  2.10D+00
 -3.61D-02 -5.69D-02 -8.48D-02 -3.35D-02  1.27D-01  3.39D-01  2.17D-01 -3.28D-01 -7.35D-01 -4.03D-01  8.04D-01  1.25D+00 -1.02D-01 -1.23D+00 -1.27D+00 -1.17D+00 -1.29D-01  2.17D-01  3.47D-01  6.80D-01  6.59D-01  7.35D-01  7.98D-01  9.39D-01
 -7.42D-03  4.13D-03  3.64D-02  1.05D-01  2.05D-01  2.24D-01 -7.15D-02 -4.47D-01 -3.71D-01  5.38D-01  1.68D+00  1.19D+00 -9.31D-01 -1.77D+00 -1.27D+00 -6.57D-01  6.88D-01  2.93D-01  3.07D-01  4.36D-01  3.12D-01  2.45D-01  1.63D-01  7.99D-02
 -7.98D-03  3.93D-02  1.24D-01  2.29D-01  3.15D-01  1.98D-01 -3.20D-01 -7.21D-01 -3.81D-01  1.04D+00  2.46D+00  1.50D+00 -1.54D+00 -2.64D+00 -1.92D+00 -1.13D+00  7.76D-01  4.04D-01  4.50D-01  6.80D-01  5.29D-01  4.81D-01  4.23D-01  3.98D-01
 -2.58D-02  5.74D-02  1.81D-01  3.16D-01  3.99D-01  1.85D-01 -5.15D-01 -9.76D-01 -4.79D-01  1.29D+00  2.92D+00  1.51D+00 -2.40D+00 -3.74D+00 -2.78D+00 -1.77D+00  1.00D+00  6.19D-01  7.44D-01  1.22D+00  1.05D+00  1.08D+00  1.12D+00  1.29D+00
 -2.74D-02  6.31D-02  1.91D-01  3.23D-01  4.00D-01  1.77D-01 -5.35D-01 -1.02D+00 -5.69D-01  1.17D+00  2.89D+00  1.56D+00 -2.53D+00 -4.12D+00 -3.22D+00 -2.27D+00  8.66D-01  7.03D-01  8.91D-01  1.52D+00  1.36D+00  1.47D+00  1.60D+00  1.93D+00
 -4.39D-03  5.34D-02  1.49D-01  2.58D-01  3.48D-01  2.30D-01 -3.50D-01 -9.07D-01 -7.44D-01  6.77D-01  2.64D+00  2.24D+00 -1.27D+00 -3.35D+00 -3.10D+00 -2.74D+00 -2.29D-01  4.80D-01  7.16D-01  1.33D+00  1.26D+00  1.41D+00  1.57D+00  1.93D+00
  4.70D-02  3.84D-02  7.46D-02  1.32D-01  2.30D-01  2.73D-01 -4.08D-02 -6.04D-01 -8.22D-01  2.28D-02  1.99D+00  2.71D+00  3.35D-01 -1.97D+00 -2.42D+00 -2.75D+00 -1.34D+00  1.56D-01  4.05D-01  8.97D-01  9.21D-01  1.07D+00  1.21D+00  1.48D+00
  1.30D-01  2.36D-02 -2.95D-02 -6.25D-02  1.73D-02  2.81D-01  4.04D-01 -9.47D-02 -8.77D-01 -9.95D-01  8.70D-01  3.20D+00  2.45D+00 -2.94D-01 -1.79D+00 -3.03D+00 -2.73D+00 -1.86D-01  8.82D-02  4.61D-01  5.94D-01  7.79D-01  9.56D-01  1.24D+00
  2.64D-01 -1.50D-02 -2.35D-01 -4.26D-01 -3.58D-01  3.25D-01  1.20D+00  7.10D-01 -1.18D+00 -3.06D+00 -1.38D+00  3.69D+00  5.54D+00  2.00D+00 -1.20D+00 -3.97D+00 -5.09D+00 -6.08D-01 -1.67D-01  3.36D-01  6.94D-01  1.07D+00  1.45D+00  1.99D+00
  3.26D-01 -2.63D-02 -3.23D-01 -6.06D-01 -5.91D-01  2.37D-01  1.54D+00  1.30D+00 -8.83D-01 -3.67D+00 -2.75D+00  2.93D+00  6.40D+00  3.42D+00 -8.86D-02 -3.09D+00 -5.05D+00 -7.66D-01 -4.09D-01 -1.30D-01  2.42D-01  5.63D-01  8.77D-01  1.30D+00
  3.90D-01 -2.56D-02 -3.80D-01 -7.39D-01 -7.68D-01  1.79D-01  1.83D+00  1.76D+00 -7.26D-01 -4.26D+00 -3.75D+00  2.80D+00  7.61D+00  4.70D+00  6.46D-01 -2.83D+00 -5.63D+00 -9.83D-01 -6.51D-01 -5.23D-01 -9.88D-02  2.07D-01  5.06D-01  8.77D-01
  4.00D-01 -2.57D-02 -3.96D-01 -7.78D-01 -8.28D-01  1.41D-01  1.90D+00  1.91D+00 -6.47D-01 -4.44D+00 -4.15D+00  2.62D+00  7.91D+00  5.09D+00  8.79D-01 -2.73D+00 -5.75D+00 -1.03D+00 -7.11D-01 -6.23D-01 -1.84D-01  1.27D-01  4.39D-01  8.20D-01
  3.57D-01 -5.00D-03 -3.13D-01 -6.45D-01 -7.08D-01  9.41D-02  1.60D+00  1.66D+00 -4.89D-01 -3.76D+00 -3.62D+00  2.12D+00  6.77D+00  4.50D+00  9.09D-01 -2.24D+00 -5.06D+00 -9.32D-01 -6.39D-01 -5.40D-01 -1.39D-01  1.28D-01  3.74D-01  6.62D-01
  2.95D-01  3.56D-02 -1.67D-01 -4.22D-01 -5.21D-01 -1.92D-02  1.10D+00  1.36D+00  7.06D-02 -2.19D+00 -2.47D+00  1.18D+00  4.74D+00  3.73D+00  1.45D+00 -5.36D-01 -3.06D+00 -7.64D-01 -6.94D-01 -9.32D-01 -7.06D-01 -6.92D-01 -7.23D-01 -8.66D-01
  1.74D-01  5.67D-02 -9.57D-03 -1.21D-01 -1.85D-01 -1.31D-02  4.28D-01  5.36D-01  3.65D-02 -7.33D-01 -5.38D-01  1.04D+00  1.95D+00  1.02D+00  8.03D-03 -8.01D-01 -1.38D+00 -2.46D-01 -1.91D-01 -2.34D-01 -1.72D-01 -1.70D-01 -1.83D-01 -2.27D-01
  1.50D-01  6.37D-02  2.79D-02 -5.28D-02 -1.08D-01 -4.22D-03  2.75D-01  2.96D-01 -1.19D-01 -6.31D-01 -2.27D-01  1.08D+00  1.30D+00  9.93D-02 -7.78D-01 -1.50D+00 -1.37D+00 -7.33D-02  7.82D-02  2.99D-01  3.67D-01  4.75D-01  5.81D-01  7.54D-01
  1.02D-01  8.33D-02  1.13D-01  9.02D-02  3.50D-02 -2.74D-02 -4.24D-02 -4.14D-02 -6.70D-02  4.70D-02  5.09D-01  7.77D-01 -4.04D-02 -1.00D+00 -1.25D+00 -1.44D+00 -6.07D-01  1.39D-01  2.92D-01  6.21D-01  6.30D-01  7.33D-01  8.31D-01  1.02D+00
  8.01D-02  1.06D-01  1.77D-01  1.71D-01  7.65D-02 -1.05D-01 -1.89D-01 -6.17D-02  5.49D-02  8.46D-02  2.93D-01  7.70D-01  5.82D-01 -3.71D-01 -1.05D+00 -1.79D+00 -1.66D+00 -8.57D-02  1.21D-01  4.55D-01  5.70D-01  7.51D-01  9.32D-01  1.23D+00
  2.05D-01  1.04D-01  5.55D-02 -1.12D-01 -3.18D-01 -2.69D-01  4.49D-01  1.09D+00  5.85D-01 -1.36D+00 -2.56D+00  2.88D-01  4.67D+00  4.44D+00  1.96D+00 -6.71D-01 -4.42D+00 -1.10D+00 -9.57D-01 -1.17D+00 -7.57D-01 -6.08D-01 -5.04D-01 -4.76D-01
  2.60D-01  8.31D-02 -5.38D-02 -3.35D-01 -6.38D-01 -4.78D-01  7.92D-01  1.93D+00  1.20D+00 -2.13D+00 -5.08D+00 -1.75D+00  5.64D+00  6.96D+00  4.11D+00  9.92D-01 -4.57D+00 -1.43D+00 -1.39D+00 -1.89D+00 -1.38D+00 -1.25D+00 -1.17D+00 -1.23D+00
  2.65D-01  6.14D-02 -1.22D-01 -4.57D-01 -8.03D-01 -5.89D-01  9.17D-01  2.25D+00  1.43D+00 -2.49D+00 -6.32D+00 -3.31D+00  4.76D+00  6.84D+00  4.31D+00  1.55D+00 -3.50D+00 -1.18D+00 -1.15D+00 -1.56D+00 -1.10D+00 -9.12D-01 -7.30D-01 -6.15D-01
  2.62D-01  5.05D-02 -1.55D-01 -5.20D-01 -8.97D-01 -6.66D-01  9.97D-01  2.55D+00  1.80D+00 -2.41D+00 -6.93D+00 -4.16D+00  4.85D+00  7.85D+00  5.51D+00  2.92D+00 -2.91D+00 -1.31D+00 -1.44D+00 -2.18D+00 -1.75D+00 -1.70D+00 -1.66D+00 -1.81D+00
  2.49D-01  3.81D-02 -1.78D-01 -5.54D-01 -9.46D-01 -7.19D-01  1.01D+00  2.70D+00  2.04D+00 -2.31D+00 -7.33D+00 -4.81D+00  4.81D+00  8.48D+00  6.29D+00  3.80D+00 -2.54D+00 -1.39D+00 -1.62D+00 -2.58D+00 -2.16D+00 -2.18D+00 -2.21D+00 -2.48D+00
  2.22D-01  4.11D-02 -1.54D-01 -5.12D-01 -9.14D-01 -7.68D-01  8.39D-01  2.53D+00  2.05D+00 -2.10D+00 -7.35D+00 -5.74D+00  3.13D+00  7.12D+00  5.56D+00  3.65D+00 -1.48D+00 -1.01D+00 -1.17D+00 -1.83D+00 -1.48D+00 -1.40D+00 -1.31D+00 -1.34D+00
  2.05D-01  4.39D-02 -1.40D-01 -4.98D-01 -9.24D-01 -8.33D-01  7.84D-01  2.67D+00  2.49D+00 -1.54D+00 -7.33D+00 -6.37D+00  2.98D+00  7.99D+00  6.87D+00  5.32D+00 -6.85D-01 -1.17D+00 -1.55D+00 -2.67D+00 -2.37D+00 -2.52D+00 -2.67D+00 -3.12D+00
  1.73D-01  4.41D-02 -1.02D-01 -4.11D-01 -8.16D-01 -8.16D-01  6.20D-01  2.56D+00  2.77D+00 -7.13D-01 -6.56D+00 -6.18D+00  3.39D+00  9.20D+00  8.33D+00  6.87D+00 -6.79D-01 -1.58D+00 -2.16D+00 -3.84D+00 -3.54D+00 -3.94D+00 -4.40D+00 -5.41D+00
  1.33D-01  5.88D-02 -1.93D-02 -2.51D-01 -6.28D-01 -8.02D-01  2.33D-01  2.05D+00  2.71D+00  1.27D-01 -5.50D+00 -6.61D+00  1.20D+00  7.25D+00  7.37D+00  6.77D+00  5.69D-01 -1.18D+00 -1.72D+00 -3.13D+00 -2.93D+00 -3.30D+00 -3.73D+00 -4.65D+00
  7.27D-02  9.41D-02  1.17D-01 -2.63D-02 -4.10D-01 -8.73D-01 -3.55D-01  1.43D+00  2.86D+00  1.52D+00 -4.14D+00 -7.99D+00 -3.07D+00  3.62D+00  5.67D+00  6.90D+00  3.66D+00 -2.76D-01 -8.28D-01 -1.83D+00 -1.89D+00 -2.25D+00 -2.64D+00 -3.36D+00
 -9.80D-02  1.07D-01  3.18D-01  4.34D-01  2.50D-01 -5.32D-01 -1.30D+00 -5.00D-01  1.62D+00  3.36D+00  9.85D-01 -4.62D+00 -6.39D+00 -2.74D+00  3.46D-01  2.77D+00  4.34D+00  6.64D-01  3.47D-01  9.74D-02 -1.65D-01 -2.85D-01 -2.99D-01 -2.69D-01
 -8.01D-02  5.74D-02  1.83D-01  2.34D-01  5.46D-02 -5.42D-01 -9.90D-01 -1.76D-01  1.46D+00  2.19D+00 -9.14D-01 -5.77D+00 -5.62D+00 -1.25D+00  1.37D+00  3.06D+00  3.22D+00  4.10D-01  2.61D-01  3.10D-01  2.73D-01  3.51D-01  4.74D-01  6.91D-01
 -7.43D-02  4.83D-02  1.52D-01  1.71D-01 -4.86D-02 -6.55D-01 -9.49D-01  1.88D-01  2.14D+00  2.80D+00 -1.36D+00 -7.31D+00 -6.22D+00  7.42D-02  3.58D+00  6.03D+00  4.93D+00  2.53D-01 -2.05D-01 -7.72D-01 -9.14D-01 -1.17D+00 -1.44D+00 -1.90D+00
 -7.25D-02  2.98D-02  1.06D-01  1.04D-01 -1.25D-01 -7.04D-01 -9.01D-01  3.84D-01  2.52D+00  3.31D+00 -1.24D+00 -7.99D+00 -6.96D+00  2.50D-01  4.48D+00  7.74D+00  6.61D+00  3.20D-01 -3.89D-01 -1.41D+00 -1.71D+00 -2.21D+00 -2.72D+00 -3.57D+00
